Guide: I0 148.6000 151.0000 152.6000 161.0000 0
Guide: I1 161.6000 151.0000 165.6000 161.0000 0
Guide: I2 95.0000 104.0000 152.6000 142.0000 0
Guide: I3 161.6000 104.0000 219.2000 142.0000 0
Guide: I4 150.6000 89.0000 163.6000 95.0000 0
Guide: I5 130.6000 52.0000 152.6000 63.0000 0
Guide: I6 161.6000 52.0000 183.6000 63.0000 0
Guide: I7 142.6000 39.0000 152.6000 43.0000 0
Guide: I8 161.6000 39.0000 171.6000 43.0000 0
Guide: I9 39.0000 39.0000 52.0000 46.0000 0
Guide: I10 262.2000 39.0000 275.2000 46.0000 0
Guide: I11 39.0000 55.0000 86.0000 196.0000 0
Guide: I12 228.2000 55.0000 275.2000 196.0000 0
Fence: PD0 148.6000 151.0000 152.6000 161.0000 0
Fence: PD1 161.6000 151.0000 165.6000 161.0000 0
Fence: PD2 95.0000 104.0000 152.6000 142.0000 0
Fence: PD3 161.6000 104.0000 219.2000 142.0000 0
Fence: PD4 150.6000 89.0000 163.6000 95.0000 0
Fence: PD5 130.6000 52.0000 152.6000 63.0000 0
Fence: PD6 161.6000 52.0000 183.6000 63.0000 0
Fence: PD7 142.6000 39.0000 152.6000 43.0000 0
Fence: PD8 161.6000 39.0000 171.6000 43.0000 0
Fence: PD9 39.0000 39.0000 52.0000 46.0000 0
Fence: PD10 262.2000 39.0000 275.2000 46.0000 0
Fence: PD11 39.0000 55.0000 86.0000 196.0000 0
Fence: PD12 228.2000 55.0000 275.2000 196.0000 0
