Guide: I0 39.0000 130.8000 45.0000 134.8000 0
Guide: I1 290.0000 130.8000 296.0000 134.8000 0
Guide: I8 81.0000 75.0000 163.0000 239.0000 0
Guide: I9 172.0000 75.0000 254.0000 239.0000 0
Guide: I6 135.5000 39.0000 199.5000 51.6000 0
Guide: I7 163.9000 60.6000 171.1000 66.0000 0
Guide: I4 39.0000 60.6000 72.0000 64.2000 0
Guide: I5 263.0000 60.6000 296.0000 64.2000 0
Guide: I3 263.0000 73.2000 296.0000 121.8000 0
Guide: I2 39.0000 73.2000 72.0000 121.8000 0
Fence: PD1 263.0000 73.2000 296.0000 121.8000 0
Fence: PD2 39.0000 73.2000 72.0000 121.8000 0
Fence: PD3 263.0000 60.6000 296.0000 64.2000 0
Fence: PD4 39.0000 60.6000 72.0000 64.2000 0
Fence: PD5 163.9000 60.6000 171.1000 66.0000 0
Fence: PD6 135.5000 39.0000 199.5000 51.6000 0
Fence: PD7 172.0000 75.0000 254.0000 239.0000 0
Fence: PD8 81.0000 75.0000 163.0000 239.0000 0
Fence: PD9 290.0000 130.8000 296.0000 134.8000 0
Fence: PD10 39.0000 130.8000 45.0000 134.8000 0
