Guide: I0 148.6000 153.0000 158.6000 157.0000 0
Guide: I1 161.6000 153.0000 171.6000 157.0000 0
Guide: I2 95.0000 106.0000 133.0000 163.6000 0
Guide: I3 161.6000 106.0000 199.6000 163.6000 0
Guide: I4 150.6000 91.0000 156.6000 104.0000 0
Guide: I5 130.6000 54.0000 168.6000 111.6000 0
Guide: I6 161.6000 54.0000 199.6000 111.6000 0
Guide: I7 139.6000 39.0000 145.6000 52.0000 0
Guide: I8 161.6000 39.0000 167.6000 52.0000 0
Guide: I9 39.0000 39.0000 46.0000 52.0000 0
Guide: I10 262.2000 39.0000 269.2000 52.0000 0
Guide: I11 39.0000 55.0000 180.0000 102.0000 0
Guide: I12 228.2000 55.0000 369.2000 102.0000 0
Fence: PD0 148.6000 153.0000 158.6000 157.0000 0
Fence: PD1 161.6000 153.0000 171.6000 157.0000 0
Fence: PD2 95.0000 106.0000 133.0000 163.6000 0
Fence: PD3 161.6000 106.0000 199.6000 163.6000 0
Fence: PD4 150.6000 91.0000 156.6000 104.0000 0
Fence: PD5 130.6000 54.0000 168.6000 111.6000 0
Fence: PD6 161.6000 54.0000 199.6000 111.6000 0
Fence: PD7 139.6000 39.0000 145.6000 52.0000 0
Fence: PD8 161.6000 39.0000 167.6000 52.0000 0
Fence: PD9 39.0000 39.0000 46.0000 52.0000 0
Fence: PD10 262.2000 39.0000 269.2000 52.0000 0
Fence: PD11 39.0000 55.0000 180.0000 102.0000 0
Fence: PD12 228.2000 55.0000 369.2000 102.0000 0
