Guide: I0 39.0000 294.6000 147.0000 298.6000 0
Guide: I1 462.0000 294.6000 570.0000 298.6000 0
Guide: I8 192.0000 73.2000 300.0000 291.2000 0
Guide: I9 309.0000 73.2000 417.0000 291.2000 0
Guide: I6 277.5000 39.0000 331.5000 49.8000 0
Guide: I7 300.9000 58.8000 308.1000 64.2000 0
Guide: I4 39.0000 58.8000 183.0000 60.6000 0
Guide: I5 426.0000 58.8000 570.0000 60.6000 0
Guide: I3 426.0000 69.6000 570.0000 285.6000 0
Guide: I2 39.0000 69.6000 183.0000 285.6000 0
Fence: PD1 426.0000 69.6000 570.0000 285.6000 0
Fence: PD2 39.0000 69.6000 183.0000 285.6000 0
Fence: PD3 426.0000 58.8000 570.0000 60.6000 0
Fence: PD4 39.0000 58.8000 183.0000 60.6000 0
Fence: PD5 300.9000 58.8000 308.1000 64.2000 0
Fence: PD6 277.5000 39.0000 331.5000 49.8000 0
Fence: PD7 309.0000 73.2000 417.0000 291.2000 0
Fence: PD8 192.0000 73.2000 300.0000 291.2000 0
Fence: PD9 462.0000 294.6000 570.0000 298.6000 0
Fence: PD10 39.0000 294.6000 147.0000 298.6000 0
